Total amount of free potion ids: C:\Users\Jason\AppData\Roaming\PrismLauncher\instances\Volentus FileDirector\minecraft\config\AntiIDConflict\potions\avaibleIDs.txt
List of free potion ids:
0
126
127
128
129
138
139
143
161
173
175
178
189
190
191
192
193
194
195
196
197
198
199
200
201
202
203
204
205
206
207
208
209
210
211
212
213
214
215
216
217
218
219
220
221
222
223
224
225
226
227
228
229
230
231
232
233
234
235
236
237
238
239
240
241
242
243
244
245
246
247
248
249
250
251
252
253
254
